Accuracy: 0.9512372634643377
F1 Score: 0.9508578350531778
Runtime: 8.7501
