Accuracy: 0.6847442680776014
F1 Score: 0.6832632330566274
Runtime: 12.415
