Accuracy: 0.4576719576719577
F1 Score: 0.4569596864978172
Runtime: 39.18
