Accuracy: 0.6251819505094615
F1 Score: 0.6254295002383253
Runtime: 4.6307
