Accuracy: 0.8589065255731922
F1 Score: 0.8586359471536741
Runtime: 39.7962
