Accuracy: 0.45458553791887124
F1 Score: 0.4392276837758267
Runtime: 12.3339
