Accuracy: 0.47016011644832606
F1 Score: 0.46505337088707077
Runtime: 4.6376
