Accuracy: 0.47161572052401746
F1 Score: 0.4576522847598819
Runtime: 8.6818
